10,142
10,270
10,196
10,214
10,254
10,68
10,90
10,2
10,3
11,7
11,12
11,29
11,10
9,7
9,6
9,4
8,8
8,10
8,12
8,14
8,2
8,3
20,3
20,2
20,1
19,3
19,2
19,1
18,3
18,1
14,3
14,1
13,3
13,1
12,3
12,2
12,1
11,30
11,28
11,27
11,26
11,25
11,24
11,23
11,22
11,21
11,20
11,19
11,18
11,17
11,16
11,15
11,14
11,13
11,11
11,9
11,8
11,6
11,5
11,4
11,3
11,2
11,1
10,314
10,297
10,294
10,292
10,291
10,285
10,281
10,278
10,266
10,263
10,255
10,249
10,247
10,246
10,242
10,239
10,237
10,236
10,234
10,231
10,228
10,220
10,217
10,212
10,208
10,203
10,202
10,201
10,200
10,199
10,192
10,189
10,185
10,177
10,170
10,168
10,166
10,164
10,159
